785
785
786
787
839
841
893
1047
1249
1400
1549
1648
1797
1847
1897
1897
1947
2047
2097
2097
2097
2097
2097
2097
2098
2048
1897
1745
1541
1487
1481
1474
1418
1414
1362
1360
1359
1358
1308
1308
1308
1308
1308
1309
1359
1360
1410
1411
1463
1465
1467
1518
1519
1521
1521
1522
1523
1573
1624
1724
1823
1921
2020
2117
2116
2164
2213
2212
2211
2210
2210
2210
2259
2258
2258
2258
2258
2260
2262
2264
2317
2320
2225
2028
1830
1629
1425
1269
1164
1110
1058
957
906
805
805
755
754
754
654
554
405
255
256
206
206
257
308
359
359
410
462
464
518
523
625
727
827
828
878
879
930
931
931
931
931
931
785
